5042016431162155450433245047927939840419341041126570975675533316254738540953244383494982507587978564
5262057551758864048806341009919426531142533555976367666456281162800268769090429630652800333300755967
6335736213675300867523243118949070344478856139529575132772299204313285059076538257776518308550873553
4831546314657511607802877895065281329280313525005236901155575525122386873171728378081212584979420535
3373747413920290898643979916255653350859648886538849235433678647690947711872053610005276788271336193
9329719958296989806979269288102220611781489691211931585981999326775457490588268645811680661675128600
3271749856065257495895980921911874974850756610312548750600470704975558970630366831236553049523839084
2644781705749780366399871279827630968098207132077622167440789411310456988710369427562587587552770197
4362277925445917632189816826816256472303882584364121527948433254209990342478549461681732100901693037
1362212957066171806492450552540303862948295550647429248773166276727318237111370156603605436675891105
7525934705106124150466625288032818793950540990359297923872109569106536061142086221972178453332794457
8721491903655280901914515635135647769317600074699475963702331916627814540411519521648886654588564739
0900292611376254016316659067776145468282986283662343072095564786129084729024816271467812757855121044
7979101824093260853696963922181474057454417975810419493899126247469126250567363301792798168428132709
6951385635679565912410757304381293952005278486853790664994665136527125372198879630321734786048211401
7683751642717411580711704673395321323572281155724496285056505463613205721975847999332051238213981393
2701978274996615152181326985336204094149990005778981897345427202417771238749444997177379409611382311
9916583921560694353447799559325637768300759719958944306002420309388550797329191470212865125392282275
3115036468261174941674050733504138277421106542094915201663310723276965432073226522928224115123156125
7860570238538382552934832533698088605016346766398879988847809368935441007354588762073193544802767326
7498068820364119128404766980412010363104081918545000702974628463395279868461760400403636921698949168
2075271973441079362575638772545783044419381476133925920601638688598159634154941454243634217015789026
1445117689091299538309741600794559403418597849922693520952362173581349642948612939627786045805846405
6258376387929919745670562922918786982506192750296537421907463445846957198787449314765247009672151236
2067086379915333899925660563928117371671281513787710759671886562140581525319058525844826538008268708
5402846227873370251387492406809101218267988181150455343879559700641311358903883601503337364747071944
7174059017379914042401352533196700028637875512004639680829231981571696066388112137843429000325716045
2111046803258297416161992584793952170535052450300430600170667928247087202739125075674502665381288342
7686459324741403379607018587621218095084756177465368587747340311020304482526451568891451467774343858
0681802396883276363966825683568936250786672450227770926626787550858701402754398193535540232677824709
9743812436587685431432203306072384090139861680856716621818035346899010206324789669817754947674232495
3701950140219085999850002752390560918687372218663442167568709867886500525085738490597783171533196082
0528392295034010685373345171519270424850236293946595918307443298026071107724956522210596570707822109
9991131622584029908543798336425912176984469406420325218947308656948481568429549878217323230253552885
1302037572821560918945286263521074377016905133935695062790840431136320464393187986441564781656574648
0832987093844297062059428382820727909875353763534567848607880111567966132720203782812895681589725194
9205362173590983670675256077633772637075631976944393262148379242640461009052184370657749910751254598
1678540472479706280495450570958256003647771632783188797239323901060070695401726402928338561070685742
0750817342888123417433122405041758502212125147176922722462340004869195249377037390810909178950855654
0026357507851191715399995546515122067460582077677494903829066226805235879432607825118281275850241488
4251996356060758784556945786369457994440981301525568757283130906397354054727229937169785146063276881
9130598708870404113069623253376619343240725467885787463801112999145576844002172739689668468347472302
2532390640881665096405180939943919145273323215518722204431972910419015700664355966656486959382352239
8528048373621563842127090410746026746625326869380470743887771874639619046173443204412321771153264174
0562462492429885931189991136010376314887555931602056000410260661605760664513912019289824897977284041
3647385127736219112262914876132983801354107837819705900454264796972582568782848373426719731202425855
0623161865163031159800612401165110136614496556983024218276434503133419097424149775458936183121893567
1977793007511798485386347605243139702419068639706299331380969022998343195382716797068741286529407701
0609557868579787524252688498404225279525144880230031477368316390409798762890095184379788631613335492
6250700997330840949645591271548953182265276915338780548998630818328392600633915446899526236019683783
6313513795035053702182712254621822191594571139405978453752229801730617402266419771679071896621460978
8089760624433093183633287418306558376482147895538010136784207959899465055135753575676478024375132674
9389216347484500376140035429708487909689564583763771915890400099732724291365120100192830611875643665
3968524342854872123093009734062738873283515575390328775431193993258576859452211253219719549560535792
1405697249910838995308593938996487128246948948524487520378716295535014823297998064205749128133776120
6106929545903781892922841882887023348150168122684303979036665531943032256482481713181482561582026996
6968607438771277034150489303437623698461097262631604989809211792388047691480094974712641249901934649
4382982265167823734037692121715888324256586800963665765467335388301827204375784652728633956988667029
5949481973043727545004224887585369168969382316302457581654477546462058325487842049200582912167038443
7552032552041179249801341362408457879757170568568783701054062374468525371299251791147050103714721465
4796110934448842171185063251949161629860555463315030163553157811761634440164124568928699178792288175
8437451070454345491991532345094897383330727135492720277400367622873247118177086125544574394054905147
9398392519129455190998400274687898974089878226603397616985588468096780471218936228328929213909148449
9093452006631407404656978231166950031034760155891066074440693789972803730755231505455448385520262457
8110683307584227950835681057091643587076839548521478245833393176432881884814102983868822414472143282
4223594397013936561085446037792487068677144572674558303093309670899995187174907126004326602673189908
7272044366373068821743977474573887702630915735746218946496944956023668114259142748382655071027302811
7538031498655964209226697539752235712060934831087149993144230889433530612514665945434065946054168238
4216855039533480807362613142322461407226029549987583435291967268692388219944762212224532641432036416
8661195713925042406390372756341808850454036871558832527574530149248501968966824995917039927600861791
6001494669683612383073393066522156577361511190898528958225304768188716840866595081902911097140253844
0576842351863247874896909114337067582248593386356649856377603421965742865906099669693623378307859394
1015196395632996916320488722793135355833521416724637062684073867742336175410464217116626219792293727
5225328676175981717309885893022835477649551035533930376834048922939555697027610777926688635005587807
8104753566415173598690368176861560199216972686499745682712937099487686406236277672526627803978250714
3947491100246201401204285248444691114067418866343778499389172010921855828567037747060611162601635528
0435680060063521086591035582936884790009022131398675508846508341630606108220951519424710231740579718
5270178314673112786213125458370455293579491730590432010928145408639236402372452708363978435691672158
2416676979435728042069714070403002363772070889052793072125412387663451650066208978075586780315109248
4679753292137528555786613340752760001972521218760316023338374716647521630828592079188582184240459349
6869300014678095517579988470524538079365666547001783512982423400799120702309840487753519379805571466
4213659712816494404675198742285474514130199372215480927770778518862233771433395799794030246934788660
0077511720330040446200779500674869399555077324221243591473670930647152947891118220806999857634480804
3605614904792465350859488580446856615512808452453821750186440112126998638688008223043260005984452195
7633274845449478725206783622534296994410247161802426584745988926400015243948967308718717282788443847
6549926378118178335491502320396314832080016389007327130129203936407423112808413051154665143986264267
6809872661352414753958939720506855947044568817407400824065590360161284728248595069379412537218710016
6846681264706755089927443864419049559161274516828370213527588088459942027394318357512267972099509116
5915881783987693761029481980945317003919708631629342256162023791684018116163453988717782239288359069
5355538359325074342654088810335265979640972948684983867658452215702043177377664541286172931039223718
6123161958347452712074859440245316711423847357556468762848625128542494804544678196753408989215241983
5934465814541039895626050976603539237897931043445006140852168381959977466886952923874581302026907446
8789117693211401770550377675189765825578956354058038881944578233190122570816087378603283260413896927
7542560690772972617923234120069717755126140798377475862022911560782291316009333549735955035647844579
5760344804708479088818328443327419039796172035585725406843975315506696889550298091055700404610260993
0760449072283434157258398508329038139967492766475740391629750269105978918253368992440724736754188867
1395194619579420583160502169935140209103437508958990095703141992587094104515317495942730807393395396
0323813060152561953085260594768832952661081667112682268224072303042627590253952291608154601734086445
3842054611909246190789958509003894839613217810976994184786121349260002754191144394218826990118934241
2149709615917826818764112701387119921214780498811297411270496889878717250486892273868864001336873839
